istep =  60000, Vx(NXmax/2,0)=   0.4838977934
 divU =    9.8204288332934236E-002


